100
 55  15  11   0  52  72  91   1   0  15  43  69   0   0  94  91  48   0   0  84  75   0  81  69  62  76  33  38  11  81   0   8 100  24   0   0  73   0  18  92  27  33   0  23   0   0  67  85  56  15  16  38  46   0   0  57  23   0   0  56   0  57   0   0  47  55  75   0  40  35   4   8   0  19   0   0  51 100  13  63   4  25  78  37   0   0   0   0  89  35  93  24  95  82   3  23   0   0  72  61 
 35   5  95   0  78  11  43  83   0  22  57  38   0   0   4  87   0   0   0  48   0   0   0  21   0  40  26  50   7  71   3  26  83  53   0  60  48  96  35  70  37  57  10  96  93   0  10  44  25  50   8  26  13  86  21  75  21  81  26  18   0   0   0  23  55  47   0   0   0  20  67  87   0  20  41  77  50  59   0   0  45  85  91  11   0  38  44   0   0   0  12  22   0  54   0   0  86  32  50 
 93  31  99  24  63   0   0   4  62  99  31  52  63   0  50   0  18   0  13  43  36  23  63   0  93   0   0  68  14   2  79  61  45  54  36  45   0  26  34  51  92  49  41  53  49   4  86  79  66  76  33   0  15   0  93   0   0  91  81  98  21  52   0  61  94   0  29   0  60  72  63  16  22  59  39   0   0  64   3  53  36   0   2  75   0  26  96  44   0  49  84  36  45  85   2   8  80  75 
 35   0   7   0  78  54   8  44   0  69  93   0  21  33   0  73  28  57   5  40  48  17  71   0   0   0  87  90  88  98  28  52  43  12  30  50   0  90   0  76  26   0  98  81   0  92  63  44  22  68  11  46  10   3  68 100  39  59  76  48  17  16  26  86  23  43  89  22  40  71   0  50  60  34  85  15  76  13  11  73  28  84  91  63  60  86  39   0  14  50   0  10  94  83  48  44  10 
 26   0  72  38   0   0  30  42  34  25  33   8   0  58 100  76  25  78  19  32  11  79   0   0  33  19  77  82   0  85  17  41  41 100  38  52   0  40   0  54  94  95  43  78  85  69   0  18  23  47  99  45  30  23   0  58   5  45  71  35   0   0  56  88  95  54  26  16  69  99  72  50  71  33  81   0  43  57  51  78  21   0  75   0  70   0  10  38  18  20   0  53  66  99  64  45 
  0  46  81   7  23   0   5   0  76  29   7  95   1  83  37  31  41   7  22  33  18  92  56  69  87  94  66  70   0  47  41   0  39  55   0  50  79  49  53  67  45  61  31  34   0  53   0  61  86   0   0  14  93   0  57  82  91   7  17  63  95  64  48  86  27  19  42  62   0  40  33  53  43  31  87  42  94  18  31  24   0  54   0   0  79  96  88   0  55   0   0  92   0  22  50 
  0   4  98  95   0  95  24  33  30  74  28  61  61   0  54  67  20   0   0  88  44   7  30 100  49  64   0  16   0  79  56  26  68  23   2   7   0   0   0  15  19  11   0  24  88  59  17   0  81  88  81   0  23  55  77  42   0  22  96  12  44   0  49  33  28  16  71  60  95  58  74  50  20   0   0  58  75  57  39   0  82  89   0  87   5   0  93  70   0  73  85  99  17  54 
 82  82  55  80  16  19   0  41   0  49  43  18   0  87  24  45  13  40   0  24   0  21  13  71  94  18  31  45   9  43  45   7  41   0  66   2   0  23  24  27  33   0   0  30  66   0  76   0  79  97  24  83   4   0   0   0  47  88  13  29   0   0   0  30   0  88   0  62  92  26   0  17  85  61  41   0   0   0   0  42  26   0  33  75  87  19  28   0   0  54  82   0  48 
 85  52  49   0  12   2  84   0  73   0   0  83   0   2   5  72  11   5 100  28   5  77  13  27  69   0   0   0  31   0   0  12  28  97  94   0   0  27  99  74  64  57  88  26  72   0   7  98   0  43  70  76   0  13   0  51  69   2  54   0   0  94  10  41   0  86  91  53   0  75   0  70   0  51   0  92   0  59  68  35  28  11  77   6  85   9  78  65   7  52   0  16 
 15   0  15   0  56  85   0  38  12  73  20   0  13  88  89   0  18   0   0  78  20  13  65   0  65  98  94   0  13  47  48  57  14  99   0   0  78  46  65  37  34  71  15  19  88  28  59  80  45   9  78   0  26  13  92  93  17  51  33   0  75  18   0   0   0  21  84  80  90  14   0  48  20  25  61   0   0   0  56  53  61  98  33  58  53  52  74  55  48   0   0 
 23  23  37  11  43  82   0  93   0   0  97   0  24   0   2   0   9  86  86   0  71  69  53  68   0  54  57  85  17  35  72  85  87  66  42  25  38  71  22  63  46  49  41   0  50  88   0  26  22   0  80  56   8  52  11  90  99  66  12   0  93  65   0  17   0   9  35  39   0  10   0   6   0  39   0  21  36  88  59   0   0  21  53  82  70  17  49   0  13  22 
 33  85  52  45  56   5  64  19   9  23   0  89   8   0  49  30  57   0  98  71  94  36  48  96   0  90   2  17   4  34  82  40  91  21  11  15   0   8   0  97  77  48  29  53  27  34  76  12  61   0  36  18   3  51   0  18  52  83  35  99  79   1   0  35   0   0  13   0  19   6   0  20   0   0  36  25  72  14   0  84   0  88   1  88   0  66  99  28  55 
 96  18   4  85   0   0  70  41  51  53   0  47   0  50  92  34   0  65  70  74  49  58   0  36   0   0  78   0   0  47  71  38   0  84  98  71   0  28  46  80  50  69   4  29  48  89   0  26   0  15   0   8  51   0   0  50  72  65  35  93   0  11  18  19  36  42  47   0   8  46  42  92   0   0  27   0  68   0  61  39  52  72  42 100   2  99  36  73 
 35  37  76  61  81  10   0   0  73  13  68  80  52  98  40   6  32   0  72  66  73   0  55  23  30   0  95  39   0  11  67  95   0   0  94   0   0   0   0  98  50  14  84   2  20   0  85  63  57  63   0  29   0  89   0  20  88  18  15  55  71  17  71   0   0  50  21  46  19  38  21  48  43  26  88  93  40   0   0  81   0 100   0  72 100  51  54 
 36  56  87  47  67  75   1  78  54   0  89  12   0   0  95  84  52   0   0  52  82  54  24   0   0   0   0  52   0  96   0  76  29  44   0  15   0  88  73   5  96   0  30  91   0  53   0  78  39  73  47   2   0  22  73   0   5  81  89  19  69  40  20  41   0  18  11  74   0   0  44  44   7  94  83  29  79  91  79   0   0  18  67   9  76   0 
  0   0   0  98  15  95  10  38  85  23  80  70  24   0  41   0  74  26  13  70  17  96  67  28   0   0   0  64   9   0  26  55   0  41  45  22   5  79   0  77  62  33  86  95  94  99  41  92  52  57   9  51  12   0   0  65  65  49  85   3  59  32  76  90  13   0  31  56  11  31   7  99  71  31  79  47  90  70  19  51   0  15  58  12  26 
 98   0  85   0  64  36  82  12  84  26  53   0   0   0  38   0  90  68  42  83  33  70   0  56   5  76  99   0  81   5  26  15  46  52  46   0  13   3  85   0  38   0   0  39   8   4  16  26  27   0   0   1   4   2  31   0  92  91   0   6  47   0   9  18  51   0   0  48  82  44  84  47   0  33  11   8  79  64   6   0   0  33  19  59 
 96  39   0  24  96   0  49   0  71  83  78  19  90  51  78  11   0  78  62   0   0   0  37  45  26   0  86  37  43  30  25  33  11  16   0   1  34   3   0   0  13   0  76  40  94  24  33  18  29  57   0  37  68  98   0  30  46  27  61  43   0  18   0  75  90  48  85   0   0  45  64  28  98   0  47  92  79  69   0  88  99  92   0 
 28  33   0  51  57  29  45   0  14  84  88   2  18   6  36   6  98  10   0  35   0  60  16  41   0  47  91   0   0  80  36   0  72  37  78   0   0   0   9  89  69  27  51   0  37  22   1   6  10   0   0  31   0  96   0  93  58   0   0  83  28   0  20  83  79  33   3  18  85  42   0   0  44  22   0  28  69   0   5  78  36   0 
 32   0  68  86  46  85  56  37   0   0   0   0  48  39   0  28   0  54  62  58  53   0  78  82  29  79   0  86  71  32  68  88  18   0   1   0   0   0  60  93   0  42  19  37  75   0   0  16  50  34  15   0  68  99  29  90   0  16  41  80  11  68  15  45  30   0   0   4  94  97   0  48   0  63  66  59  53  98   0  85   0 
 39  25  67  21  93   0   0  84   0  50   0   0   0  96   0  28  85  29  88  89  99  64  48  13  45  48  68  91   0   0   0   0   0  74   0  24  57  20  58  22  74  68  19   0   0   0   0  36  86   0  63  63   0   0   0  63  83  82   0  75  98   0  83  68  70  12   2   0   7   6  18  79  74   0  26  18   0  14  40  98 
 43  47   6  93   4  10  14  81   0  89  98  42  79   0   0  51  20   0  80  88  39   0  94  15  11  39  89  77  71   6  10  98  12  37  45  13  34   0 100  94   0   0  98  45  41  80   0  31  81   0  36   4  77   0  79  54  43   0  40   0  16  45  52   0  90  39  52   0   0  97 100  53  16  34  54   0  96  68  54 
  0   0  50  50  62   3  62  31  85  84  85  56  68   0  55  86  94   7 100  76  43   2   0   6   0  54  92  38  16   0   5  92  94   0  93  41  71   0   0  26  21  34   0  35  93   0  32   4  98  19   0  26  95  62   0  33  93   4  32   0   0  19  32  46  90  84   0   0   0  13  11   0  85  43  38  63  59  26 
  0  37  61  13  10  59  65  67   0   0  37   0  52  42   0  32  21  18   2   0  25   0  81  86  88   9  15  65  62  96  92  47  88   0  67  35  80  86  42  31  20  22  14   0  68  81  98  27   0  34   0  87  20  15   0  22   0  19  69  40   0  95  43  77  98   4   0  70  26   0  20  69  23  19  76   0  37 
 18  91  58   0  41   0  50  89 100  20   0  80   0   0  25  83  32   0  17   3  49   5  23   0  12   0  20  58   0   0  97  34  91  64  99   2  44  83  40  97  69   2  20  20   0  64  83  97  25   0  24  96  47   2   0  98  23  68  89  46   0  23   6  30  50   0   7  58  15  60  86  86  40  61  21   0 
 56  11  97  65  85   4   0  74   0  98  15  98  79  74   0  18  98  51  22  57  76  81  21  43  73   0  32   8  24  16  69  17  82  11   0  37  37  61  45  43  38  83  98  71  88  19  36   0   2  29  73   8  40  22  42   0   0  22  51   0  67  74   0   0  60  23   0  22  17  84  92  14  98  86  62 
 79   5  10  72  40   0  75  52  41  45   1  44  43  86   0   0  80   0  73  55  86  30  24  73  15   0  25  75  90  22   0  18  98   4  12  70  27  50  65  71   0  87  24   5  17   0  62   2  76  67   0  93  74  93  63   8  85   0  29  20  13  72  76  56  52   7   0  16  98  24   0   9   0  91 
 70   0   0  94  32   0  58   0  42  78  81  64  97  70   0   0   0  21  46  45  12  56  57  63  25  80   0   0  78  81  39  77  65  11  57   5  19  42  19  29  89   2  91  95   9  58   4  26  73  53   8  60   0  95  98  40  57  10  84  14  84  56  64  67  41  23  58  37  15  66   6   0  36 
  0  88  13  37  76  44  89  92  83   0  69  76  32  91   3  46   7   0   0  83  65  67  19  45   0   0  19  61  65   0  20   0  28  97  29   0  22  71  54   0   0  95  93   8  14   0   0  83  82  31  75   0   0  98  73  80  69   0  34  64   0  62  11   0  38  47  78  50   4  95  72   0 
  0   0  60   0  62  35  82  86  22  26  13  90  38  16   4   6  27  28  41  19   1  62   0  74  83  49  54  83  97  67   0  78  89  89   0  85  20  58   0   0  98  13  72  54  55  37  60   0  48  89  31  97  81  72   0   6  18  13  90  81   0   0  94  50  87  45  15  22   3   0  49 
  0  98  93  35  19  49  33  75   0   0  91   0   0  45  25  68  14  10  29  67   0  61   0  16   2   0  23  33  39   0   0  78  50   0   1  16   0  75  56   0  91   0  63  51  70  50   0  31  69  10  48   0  64  20   0  19  93  77  30  67  35  32  66  10  36   0  63  75  48  17 
 40  97   0  46   0  32  57  49  22 100  50  25   9  40  70  67  98  32  36   2  68  27   6  13  31   0  51   5  34   3   0  71  30  38  60  72  88  69   0   9  50  28   0  51   0   0  28  44   0  47  88  83  17  58  21  23   0  23  83   0   0  49  79   5  93  98   0  39  85 
 22  45  50  11   0   0   8   0   0   0  50  75   3   0   4   0  63  71  29  93   0  53   0  66  38  88  91  14  17  95  15  34   0   0  85  16  32  87   0   0  16   0   0  46  83   0   0  43   0  52   0   0  49  20  10  67   0   0  70  26  94  26  40  61   0  75  55  16 
 75   0  78  55  62  11  25  67  10   0  31  79  10  65  58  16  12   0  13  21  43  12   0  95   1   9  41  91   0  95  84  13  11   0  74   7  89  44  60  20  21  61   0   0  88  26  31  79  39  27  12  57  70  26   0  84  75  11  69  78   2  32  24  19  99  70   0 
 83  13  77   0   0   0  16  16  17  22  95  88  16  54  26  50  41  73   0  88  32  15  21  22  75  44  45   0   0   1  70   0  93  13  44   0  78  82  24  23  26  29  50  50  97  45  40  57   0   1  25   0  79  72  40  24  34  51  27  19  89   0  69  81   9   0 
 35  70   0  53   0  74   0  67  52   0   0  48  25  33  41   0   4  49  52  60  64  10  72  76  50  23   0  39   0  29   0   5  69   0  65   0   1  53  43  18   0   0  67   0   3  51  59  65  55  41  55  92  61   0  32  62  63  29  16  56  53  51  38   0  41 
 83  21   0   0   0  81  87  35  54   0  52  26   0  65  51  96   8 100  98   9   0  64  94   9   0  10  28  46   0  81  37   0  13  34  91   0  84  49   0  53   0  48  17  48  93  49   0  70   0   0  42  73  48  42  25   0  45  84  97   3  88  54   0  32 
 91   0   3   0  82  20  63   5   0  50  68  93  94  16  93   0  60  49   0  94   0  77   0  68  87   0   6  26   0   0  20  78  70   0  96  94  99  56   0   0  63   9  74  39   8   9  69  70   0   3  79   0  78   0  89   0  58  38  82   0  60  48  88 
 43  76  67  40  22   0  71   0   0   0  83  66  87  69   0  20  89   0   0  78   3  54  29  10 100  76  42   0  72  22  45  67  99   0  28  71  29   2  90   0   3   0  71  95  73  87   0  37  91  34  45  42  23   9  78   0   0  78  90   0  32  11 
  0  45   0   0   0   8   7   0  33  46  64   0  61   0  72  84  40   0  77  71   0   0  50  76  11  79  57   0   0   0  76   0  42  79  70  96  73  17   0  14   9  87  63   0  29   0  14   0  64  38  87   0  78   0  83  20   0  92   0  52 100 
 18  59  88  89  27   0   1  61   0  93   0  10  73  97  92   0  83  78  35  85   4   9  43  33  24  21  11  73   7  82  68   0  87  60  40   0  51  67  10  36  59  17  96  28  83   0   0   0  56  16  98  65  99  86  86  39  58  92  85   0 
  0   0  63  24   0   0  48   0  89   5  54  15  57  71   0   0   0   0  92   0  36  78  10  75  73  40  19  98   6  42   0   0  15  29  54  40  65   0   5   0   7   0  79   0   0   0   0  36  29  25  84  62  98   0  18   0  78   0  83 
 22   0  44   0   0  98  82  43   0  44  65  87  33   0  61   8   0  71  40   8  58  85   0  89  51  56  70  37  90  27  35  59   0   7  70  27   0  30  76  86   0   0  27  13  54  41  47  98  98   0  47  10   0  67  15   0   0  94 
  0  34  64  65  98  95   0   0  45  65   0  89  35  53  83   7   9  97  78  70  51  17   0  87   0  24   0  17   0   0  65  93  98  92  73  37  33   2   0  56   6  92  31  42   0  15  25  45  72  76  77  37  11   8  45   0  43 
 24   1  58   0  96  58   7  93  33  44   9   0  42   0   5  14  17   8  39  78  11  50   0  95  99  53   0  96   0  13   0  37  84  14  20  92   5  45  44   8  96   2   0  74 100   0  61  53  62   0   0   4   0  73  48  65 
 50  88  48  33  83  31  32  24   0   4  17  76  57   0  94   0  36   0  82   0   0  44  33  69  86  27  98  80  17  22 100  67   0  90  23  40  82  76   0   0  66  29  32  86   0  76  64  70  17   0  80  40  35  59  16 
 44  29  73  59  18  14  22  11  12  19  19  36   0  92  94   0  98   3  96  30  80   0   0   0  29  91   0  46   0  36   1  28   5   0  93  30  88   6 100  14   0  84  31   0  55  58  28  64  95  99  43  62  17  81 
  4   0  96  91  96  96  41   0  92   0  22  22   9  11   0   0   0  84  25  25  88   1  96   0  87   0  90  16  61  19  98   0  84   5  73  30   0  59   8  24   0  58  88  97   0  68  34  62   0  29  10   0   0 
 86   8  86   0   0  94   9  82   0   0 100  80  96   5   0  21   0  11  95  74   8  99  44  59   0  51  42  32  20  98  61   0  66   0  77   0  88   0  98   0  96   8  50  99   0   4   0   0  42  39  93  59 
 38  89   0  61  45  61  83  90  48  24  24  58  49  10   0  26  13  75   0   0   0   0  98  88  66  74   0  49   0  79   0  31  55   0   7  52   9   0  76   0  42   0   3  16  41  40   2  92  59   0  41 
  0  95  24  84   0  78  82   0  26   7  79   0  52  98  20  91   0   5   0   0  94  64  38  49  25  44  50   0  81  60  79   0  95  23   0  79  22  10   0  97  51  75  92  87   0   0  43  84  27  60 
 68   0  65   0  62  81  92   0  15  99  20  30  84  90  91  10  38  23  97   0  12  58   0   9   0  59  91   4  16  52  40  99   8  34  59   0   0  14  40   0   0  97  87  86  33  81  82   4   5 
  2  10  64  40  59  85  56  72  14  66  69  52  82  81  45   0  86   0  88  99  68  75   4   0  63  16   0  37  58  41  56  68  16   0   3  21  15   0   0  74  77   7  23  69   0   0   0  63 
 56  74  45  71   0   0   0  65  76  31  32  70  83  17  62  86   0  10   0  38   0  59  18  17   0  62   0  94  52  26  37   6   8   0  27   0  50   0   0   9  20  36  70   0  71   0  13 
 69   0  65  54   6   0   0  67  22   0  40  19  10  42  39   0   0  89  22  46  80  55  37  53  39  39  22  68  63   0   0   0  92  41  21   0   0  25  33   0  46   0  61  65   0  50 
  0  21  40  88  84  28  53  70  19   0  51  43  22   0  11   0  27   0  83   0  37  20  99  55  50   0  75  63  31  62  82  48  73   0  39  39  84  57  67  14  25   7   0  76  51 
  0  42  99  32  44  78  87  86  36  81  73  29   0   0  77   0  32  76  26   0  87  54   0  14  28  42  26  83   0  18  11   0   7   0  19  44   0  86  70  79   0   0  76  43 
  0  92  22   0  73  14  84   0   0   0  78  32   0   0  94  25   0  35  82  50  76  84   7  24  47  63   0   0  97  81  24   0   0   0  66  99   0  97  71   7  35  50  38 
  0   0  69  58  52  67  94   0  99  41  59   0  55   0   0  73   0  96  46  46  87  77   3  58   0  73   0   0   0   0  76  93   4   0   7   4   0  32  91  41  36  65 
 66  18  90   0  12  94  25  10  31  73   0  64  49  89  57   0  44   2  49  83  36  32   0  46  78  50   6  64   8  84  48  93   9   0  83  25  98  56  62  14  38 
  0   2  19  24  60  75  27  34   0  13   4  57  46  13  79  45  89  69  15   0  92  87  68  37  64  46  93  78  10  92  55   0  99  30   7  74   0  34   0  94 
 41   0   0  69  22   0  23  34  85  72  15  31   0   0  38   0  55  63   0  62  80  69  35  45  89  13   0   6  77   0  85  33  64  42  94  86  77  23  35 
  0   0  19   4  29   0  69   0   0  13  16  18  49  16   0   0  63   2  16   7  69  69  96   0  80   0   0  54  70  56   4  96   0  27  84  60  13  59 
 64   0   0   0   0  71  77  75  63   0  13   0  47  20   0  94  97  97  12   0   0  10  35  46   0  63   0   0  24  91   0  94  40   9  77   0   0 
 92   0   0  65  79  48  48   3  51   3   0   0  45   0  49  47   0  14  81  42   0  39  52  78   5  19   0  66  56  16  81   0  99   0  71   6 
  0  92  14  27  11  76  73   0   1  71   2  51   0  84  29  59   0   0   0   0  87  69  82   0  40   0  61   0  27  42   4  45   0  18   2 
 50   0  22  53   0   0   0  63  28  71  28  14  18  84  10  40   0  90   0  10  45   0  38   0   0  44  62  98  94  80   0  73  21  98 
 63   1  16  39  60  47  87  45  33   0  39  96  49  73  48  64   0  27  85  48   0   9  27  90  54  52  57  61  10  22   1   0  62 
  6  33   0  67  77  14  54   5   2   8   0  96  74  12  24  75   0  13   6  55  52  16   0  88  36   0  88   7   3   4  20  24 
 67   0  79  78  21  90  34  66  37  16  91   0  93   0   0  14   0  32  31   0  87  43  71   0  32   0  93  54  87  94  48 
  0  54  74  37  57  95  73   0   0   0  23  63   9   0  69  60  99   0  62  79   0  49   8  59  12   0  80  63   0   0 
  0  95  98  70   1  21   0  40   0   0  94   0  99  61   0  81  93   0  66   0  19  28  97  78  70   0  12   0   0 
 12  14  38  27  24  96  42  92  59  96  60  12  74   1  46  65   5  74  52  91  90  49  25   0   0   0  58  14 
 74   2   0   0   2   0  12  55  80  72  65  28  54  45  45  14   0  78  43  88  28   0  51   0  23  34  26 
 38  11   7  69  92  27 100  22  39   0   0  81  64   0   0  44  12   0  45  50  39   0  86   0  34  24 
  0  33  84  92 100  39  75   0  17   0   4  37  63  31  37  41  72   0  24  68   0  51  25   0  58 
 75  67  89  49  19   0   9   0   0   0  59  78   0   0   0  31  56  79  45   2  81   0   0   0 
  0   0  27  27  18  94   7  52  25  51   0   0  65  67   0  75   0  20  40  90  69   7   0 
  0   8  29  20  24   0   0  74  83  88  39 100   0  76   0  63   0   0   0  70 100   0 
  1  91  28   0   6  95  20  19  50  25  52  67  32  35  18   5   0  32   0  49  76 
  0   0   0  96  45  16   0   0   0   3  55   0   0   0  75  40  84   0  63  17 
 29  30  34  59  26  10  96  78  35   0  44   0  29   0  37   8   0   0   1 
  0  87  48  79  50  12  25  65  93   0   0  56  24  19  76   0  30  56 
 62  88  28  94  28  51   0  17   2   0  98   0  83  96   1   0  36 
 54  92  94  26   0  18  19  59  58   0  29   8  22  40   0  76 
 36  18  83  57   2  13  92   4  15  36   0  60  92  25  40 
  0  62   0  65  81   0   0   0  44  75  21  10  43  58 
 23   0  76  17  91  57   0  67   0  76  37  14  91 
 74  65   0  57  60   6   0  98  86   0  69   0 
  9  10  56  72   2  35  30  83  63  83  19 
 90  31   9   0  64  27  57  82  40   1 
  0  33  24  45  23  24  77  96  79 
  0  48   0   0  42   2   0  43 
 53  25  19  74  60   7  98 
 55  67  43  68  52  94 
  2   0  83  68   5 
 79  40  61   4 
 35  35  94 
 97   0 
 66 

0
2466
  6  14  21  36  19  50   6  17  22  12  29  28  18  24  48   9  26  12  11   3  44  24  27  36   4   4  43   8  15  33  25   5  12  41  22  45  10  38  37  49  11   3  31  35  22  33  30  50  24  50  23  46  26  14  12  15  41  46  10  18  14  47   8  29  50  13  13  12  26  38   2   4  41  13  41  42  48   9  39  35  12  48   1   4  21  43  16  19   1  36  20  47  45  44  18  27  50  25  31   4 

